function [t,K,thigh,Khigh] = k_data_return()
K_109mV = [0.11427810335642086, -0.0007103534008159329
0.33814597762386867, 0.35730776061089387
0.5168886521044231, 0.5384478778191983
0.7641981885988289, 1.248090925235278
0.9268247202983493, 3.270822234061413
1.3417421417155042, 7.4945835553187194
1.7106553010122547, 11.278280944769959
2.209376664890784, 13.925768069614547
3.066462440063932, 17.198721363878406
4.364251465103889, 19.082223406144383
6.663292488012786, 20.734505416444414
9.025332978156632, 21.24844610193535];

K_100mV = [0.1163292488012797, -6.053276505061266
0.20775173148641568, -5.348605931450898
0.31939264784230237, -5.257325519445931
0.5415023974427289, -5.425679275439549
0.7893979754928084, -4.540578938021689
0.9277037826318608, -3.1326584976025877
1.3174214171550354, 0.213106020245025
1.7546084176878005, 4.437577694903148
2.1191262653169964, 6.905345409341066
3.1101225359616413, 10.270289469010711
4.454794885455515, 12.857041378085421
6.66299946723495, 13.98011010477686
9.069579115610017, 14.495471497069431];

K_88mV = [0.09611081513052855, -12.106553010122536
0.3422482685135868, -11.747824542710003
0.5221630261054888, -11.215769845498148
0.7917421417155048, -10.505416444681256
0.8843367075119883, -9.449831291067337
1.2933937133724038, -6.980642869827783
1.7042088438998415, -3.985082578582908
2.2035162493340446, -1.1621381637365396
3.061188066062867, 2.286272420529098
4.40673947789025, 5.1362102646064685
6.59413958444326, 6.697211862901529
9.133750665956313, 7.0413780855972234
11.447735748534896, 6.50115432427587];


K_76mV = [0.1435801811401185, -17.894512519978687
0.3000532765050625, -17.71408275617119
0.5007725093233897, -17.619960930562964
0.7929142248268528, -16.821168531344366
0.8614810868407043, -16.292665601136594
1.267900905700587, -14.613034984905024
1.6766648907831656, -12.231575208666367
2.1528236547682478, -9.672527082223485
3.0336441129461913, -5.960220209554368
4.3355354288758665, -2.8485171372759623
6.675892381459777, -2.1598295151840645
9.063132658497603, -0.7678920262834339
11.467954182205649, -0.7789025039961928];


K_63mV = [0.10138518913159422, -23.86077073343988
0.259030367607886, -23.32942638962884
0.4820191795418234, -23.234594210619793
0.707059136920619, -22.525661516604533
0.8406766116142794, -22.521399396199637
1.2681939264784243, -21.1919730065708
1.651758124667023, -19.68851003374184
2.125572722429409, -17.831291067306065
2.982365476824721, -14.64606641804308
4.3742141715503475, -11.268335997158754
6.652743740010656, -9.090392470254205
8.90372935535429, -8.492274906766472
11.442754395311669, -8.323565974072547];


K_51mV = [0.08790623335109338, -27.896288403480728
0.26899307405434336, -27.013319126265305
0.4465636654235494, -27.183093589060558
0.6469898774640397, -27.176700408453218
0.8934203516249348, -26.7302432960398
1.2069525839104966, -26.193926478423048
1.6344698987746415, -24.864500088794227
2.0836707511987225, -23.709820635766366
2.9612679808204594, -20.96252885810701
4.3733351092168355, -18.198188598828086
6.608497602557273, -15.670751198721621
8.949440596696856, -14.806606286627943
11.310895045285031, -14.46812289113878
12.134576451784763, -14.52956846030948];

K_38mV = [0.10021310602024647, -30.878351980110093
0.25727224294086426, -30.52246492630083
0.4799680340969643, -30.51536139229267
0.680687266915291, -30.421239566684438
0.8143047416089515, -30.416977446279542
1.239184869472564, -29.87710886165871
1.6189397975492819, -29.514118273841287
2.111507725093235, -28.70893269401535
2.963319126265318, -27.015095009767467
4.3071124134256795, -24.69152903569542
6.519126265316995, -22.427987923992436
8.951784762919553, -20.771443793287506
11.357778369738945, -20.43153969099671
12.181166755460842, -20.58071390516829];

K_32mV = [0.0014651038891859702, -33.77623867874266
0.2478955780500811, -33.32978156632923
0.35924347362813136, -33.32622979932516
0.6264784230154516, -33.31770555851537
0.8040490143846575, -33.48748002131062
1.2728822589238158, -33.12164801988993
1.6965903036760799, -32.932694015272645
2.143740010655302, -32.392115077251006
2.97181672882259, -31.13763097140838
4.2470431539691, -29.342567927544113
6.57011188066063, -27.163203693837932
8.957645178476293, -25.683537559936415
11.341662226957911, -25.256615166045545];

K_26mV = [0.03926478423015589, -35.79257680696145
0.263425679275441, -35.346830047948856
0.39704315396910106, -35.34256792754395
0.6423015450186478, -35.24702539513409
0.798188598827918, -35.24205292132838
1.2213106020245084, -35.22855620671288
1.5342567927543964, -34.867696679097904
2.0470431539691005, -34.67590126087735
2.8510921683537567, -33.948499378440886
4.279275439531167, -33.02575031077977
6.51297282898242, -30.93695613567775
8.899627064464571, -29.720475936778893
11.32818327117741, -29.29213283608639
12.109376664890783, -28.7408985970525];

K_19mV = [0.07706446457112559, -37.80891493518024
0.2566862013851907, -37.36458888296927
0.39001065530101364, -37.44805540756526
0.5901438465636666, -37.52939087195881
0.7905700586041569, -37.52299769135146
1.169445924347364, -37.423193038536695
1.659669685668621, -37.31983661871786
2.0833777304208856, -37.130882614100585
2.842008524240811, -36.668087373468396
4.2470431539691, -36.00923459421077
6.544326052210977, -34.883324453916075
8.86387852956846, -33.75670396022056
11.315876398508259, -32.97673592612368
12.028795950985614, -32.86627597229668];


K_10mV = [0.17741935483870974, 0.2285098973607056
0.33266129032258074, 0.22995326246334358
0.6209677419354838, 0.2553610703812268
0.7762096774193552, 0.27953170821113815
1.1088709677419357, 0.3053519061583465
1.5080645161290323, 0.30906341642227275
1.9959677419354838, 0.359054252199396
2.794354838709677, 0.5028409090908816
4.213709677419354, 0.6524010263929192
6.431451612903224, 0.9912023460409856
8.826612903225806, 1.263471407624536
11.243951612903224, 1.4677648460409305
11.975806451612902, 1.5768420087975183];


K_6mV = [2.220446049250313e-16, -0.5004123900293251
0.155241935483871, -0.27169629765396053
0.39919354838709675, -0.22397360703812552
0.5766129032258063, -0.24505131964809834
0.7983870967741937, -0.24298936950147265
1.1088709677419357, -0.24010263929620024
1.5524193548387097, -0.21325146627567548
2.040322580645161, -0.20871517595309896
2.838709677419354, -0.11038306451615654
4.191532258064516, -0.006896077712653437
6.586693548387096, 0.17446389296180698
8.782258064516128, 0.3766953812315741
11.266129032258064, 0.4679710410555913
11.975806451612902, 0.5654783724338834];

% exclude K_10mV due to singularity

t = K_6mV(1:end-1,1);
K = [K_6mV(2:end-1,2)-K_6mV(1,2),...
    K_19mV(2:end-1,2)-K_19mV(1,2),...
    K_26mV(2:end-1,2)-K_26mV(1,2),...
    K_32mV(2:end,2)-K_32mV(1,2),...
    K_38mV(2:end-1,2)-K_38mV(1,2),...
    K_51mV(2:end-1,2)-K_51mV(1,2),...
    K_63mV(2:end,2)-K_63mV(1,2),...
    K_76mV(2:end,2)-K_76mV(1,2),...
    K_88mV(2:end,2)-K_88mV(1,2)];

thigh = K_100mV(3:end,1);
Khigh = [K_100mV(3:end,2)-K_100mV(1,2),K_109mV(2:end,2)-K_109mV(1,2)];

   
end